282287840
64407030
963080346
269756223
104601583
1223054399
925080907
82492975
3964001
388358238
7077998365
1421026620
3964001
706402791
347587380
5710829964
1716041588
902429450
908909848
583401403
1364050022
828091313
1322384878
6246315740
973957004
93330342
5967952100
130735757
1309364351
53960282
888772777
522002143
1996942611
5849899058
1842561806
636045728
299402781
1540685079
216383643
569337644
6965238735
1566034003
540643861
1714120111
5773415887
6071107424
7546957818
7159708403
1309091485
1655585249
5047574160
5437162088
5356451020
7531738407
5964416638
1010949968
553511970
1197507898
6054277368
396614502
322876545
519760448
5517745817
6438057754
536531810
224419044
1881793800
6713097676
8009865135
7980344760
5809657261
6636198512
6316376597