683462835916767409
1510769529645432834
8106175868352593928
5835129661968875533
5149354467191160831
5091996690789957635
7131267980628852734
7131267980628852733
3346563080237613068
6055278067666911223
5062008833983905790
1169953291908415506
6055278067666911216
4331929539736240157
5091996690789957649
9087292238668496936
6417088260173987842
8728063708061761539
4238900539514945542
4008340909736329215
3560771065137332232
5062008833983905791
3442978400170409980
4366402085420269571
7346771112912486399
1307729623638867964
